1: 01F: 2, 3, 4, 6, 8, 9, 12, 13, 1,7,11,15,17
2: 01S: 2, 3, 4, 6, 8, 9, 12, 13, 5,10,14,16,18
3: 01M: 2, 3, 4, 6, 8, 9, 12, 13
4: 02F: 2, 3, 4, 6, 8, 9, 12, 13, 1,7,11,15,17
5: 02S: 2, 3, 4, 6, 8, 9, 12, 13, 5,10,14,16,18
6: 02M: 2, 3, 4, 6, 8, 9, 12, 13
7: 03F: 2, 3, 4, 6, 8, 9, 12, 13, 1,7,11,15,17
8: 03S: 2, 3, 4, 6, 8, 9, 12, 13, 5,10,14,16,18
9: 03M: 2, 3, 4, 6, 8, 9, 12, 13
10: 04F: 2, 3, 4, 6, 8, 9, 12, 13, 1,7,11,15,17
11: 04S: 2, 3, 4, 6, 8, 9, 12, 13, 5,10,14,16,18
12: 04M: 2, 3, 4, 6, 8, 9, 12, 13
